0000000000000000001000000000000000000000000000000000000100100000
0000000000000000000000000000100000000000000000000000001000100000
0000000000000000000000000000101100000000000000000000001100100000
1111111111111111111111111111111100000000000000000000010000100000
0000000000000000000000000000000000000000000000000000010100100000
0000000000000000000000000000011100000000000000000000011000100000
0000000000000000000000000000000100000000000000000000101000100000
0000000000000000000100001010100000000000000001100000010100010011
0000000000000000000000000000000000000110000001010000011100000001
0000000000000000000000000000000100000000000001110000011100001010
0000000000000000000000000000000000000111000000010000100000001011
0000000000000000000000000000000000000000000000110000100000011001
0000000000000000000100001000100000000000000000000000000000010001
0000000000000000000100000111100000000000000000110000100000010011
0000000000000000000100001001100000000000000000110000100000010100
0000000000000000000000000000000000001010000001110000011000000010
0000000000000000000100000011100000000000000000000000000000010000
0000000000000000000000000000000000000000000001110000010000011111
0000000000000000000000000000000000000000000000000000000000000000
0000000000000000000000000000000000001010000001110000010100000001
0000000000000000000100000011100000000000000000000000000000010000
1111111111111111111111111111111100000000000000000000010000100000
0000000000000000000000000000000000000000000000000000000000000000
