0000000000000000001000000000000000000000000000000000000100100000
0000000000000000000000000000010000000000000000000000001000100000
0000000000000000000000000000000100000000000000000000001100100000
0000000000000000000000000000000000000000000000100000001100011001
0000000000000000000000001011100000000000000000100000001100010101
0000000000000000000000000000000000000011000000010000010000001011
0000000000000000000000000000000000000000000000110000010100011111
0000000000000000000000000000000100000000000000000000010100100101
0000000000000000000000000000000000000000000000000000010100011001
0000000000000000000000001001000000000000000000000000010100010100
0000000000000000000000000000000000000101000000010000011000001011
0000000000000000000000000000000000000000000001000000011000011001
0000000000000000000000001001000000000000000001000000011000010110
0000000000000000000000000000000000000000000001010000011100000001
0000000000000000000000000000000100000000000000000000011100100100
0000000000000000000000000000000000000111000000010000011000001100
0000000000000000000000000000000100000000000000000000010100100101
0000000000000000000000000100000000000000000000000000000000010000
0000000000000000000000000000000000000000000001010000011100000001
0000000000000000000000000000000100000000000000000000011100100100
0000000000000000000000000000000000000111000000010000010000001100
0000000000000000000000000000000100000000000000000000001100100100
0000000000000000000000000001100000000000000000000000000000010000
0000000000000000000000000000000000000000000000000000000000000000
