0000000000000000001000000000000000000000000000000000000100100000
0000000000000000000000000000001100000000000000000000001000100000
0000000000000000000000000000000000000000000000000000001100100000
0000000000000000000000000000000000000000000000000000010000100000
0000000000000000000000000000000000000000000000100000010000011001
0000000000000000000000000101100000000000000000000000000000010001
0000000000000000000000000000000000000000000000010000010100001011
0000000000000000000000000000000000000101000000110000001100000001
0000000000000000000000000000100000000000000000000000000100100100
0000000000000000000000000000000100000000000000000000010000100100
0000000000000000000000000010000000000000000000000000000000010000
0000000000000000000100000000000000000000000000000000001100001100
0000000000000000000000000000000000000000000000000000000000000000
